m =

   0.77910   1.87080   0.03080
   1.90400   1.43680   0.00700
  -1.97790   1.63920   0.00260
  -1.30830  -0.65990  -0.15670
   0.18470  -0.37360  -0.66280
  -0.99430   0.57070   0.30930
  -0.99430  -1.84380  -0.02480
  -1.81040  -0.18690  -0.01230
  -1.97790   0.39300   0.01220
  -0.64240  -1.88060  -0.03980
   1.25090  -0.86640  -0.14370
  -0.87800   1.43680   0.11090
  -0.38470   0.00000   0.00000
  -0.87800  -1.10450  -0.22390
   0.57640   1.87080   0.04050
   0.57640   1.85700   0.04640
  -0.38470  -0.97410  -0.58620
   0.92410   1.87080   0.02280
   0.57640   0.75230   0.50440
  -1.81040  -1.72240  -0.00360
   0.92410  -0.37360  -0.28830
  -0.21810  -0.18690  -0.32760
   1.54310   1.43680   0.02210
   1.52810  -0.65990  -0.08050
  -0.87800   0.20420   0.17610
  -0.99430   1.85700   0.02460
  -1.67830   1.43680   0.01580
   0.77910  -0.97410  -0.33150
  -0.99430  -0.97410  -0.23480
   0.36010  -1.10450  -0.49670
   0.77910   0.00000   0.00000
  -1.53500  -0.18690  -0.03690
   0.36010   0.39300   0.58550
   0.18470   1.63920   0.13690
   0.36010  -0.18690  -0.29880
  -0.87800   0.39300   0.29480
  -1.53500  -1.84380  -0.00620
  -0.38470   1.85700   0.05210
  -0.38470  -0.37360  -0.53220
   1.52810  -0.18690  -0.03280
  -1.67830  -1.84380  -0.00390
  -0.21810   1.63920   0.13690
  -0.38470   0.20420   0.31920
   0.18470   1.87080   0.05610
   1.52810   1.87080   0.00600
   1.54310  -1.72240  -0.00880
   0.18470   0.57070   0.80990
   0.00000  -0.86640  -0.70780
  -0.21810  -0.65990  -0.73150
   1.54310  -0.18690  -0.03110
   0.57640  -0.65990  -0.56290
   1.52810   1.43680   0.02580
   0.00000  -0.37360  -0.64000
  -1.30830   1.85700   0.01010
  -0.38470   1.29210   0.28760
   1.52810  -1.84380  -0.00570
  -0.99430  -1.10450  -0.21320
   1.90400  -1.88060  -0.00150
   1.90400   1.29210   0.00970
   0.92410   0.93750   0.27400
   1.52810  -1.88060  -0.00500
  -0.87800   0.57070   0.34250
   0.92410   0.75230   0.34280
  -1.81040   1.29210   0.01410
   0.57640  -1.72240  -0.07640
   0.92410  -0.97410  -0.25540
  -1.67830   1.63920   0.00850
   0.18470  -1.10450  -0.51980
   0.92410   0.00000   0.00000
   1.54310  -1.84380  -0.00590
  -1.81040  -0.97410  -0.02300
   2.06860   1.63920   0.00180
  -1.97790   0.75230   0.01500
   0.92410  -0.18690  -0.15270
  -1.67830   0.57070   0.04940
  -0.99430  -0.37360  -0.21340
  -1.53500  -0.37360  -0.05640
   0.00000  -1.84380  -0.06790
  -0.38470   0.39300   0.61940
   1.54310  -0.97410  -0.05860
   0.57640  -1.88060  -0.03780
  -1.53500   1.29210   0.03460
  -1.97790  -1.72240  -0.00200
  -1.67830   1.29210   0.02090
   0.92410   1.29210   0.16530
  -0.64240   1.63920   0.08690
  -0.21810  -0.37360  -0.54940
   0.18470  -1.26010  -0.37540
  -0.38470   1.43680   0.23380
   1.25090   0.57070   0.15210
   0.92410  -0.65990  -0.35220
  -0.38470   0.75230   0.67000
  -0.38470  -0.86640  -0.62820
  -1.67830   0.00000   0.00000
   1.54310   1.85700   0.00550
  -0.99430   1.87080   0.02200
   0.77910   0.39300   0.33080
  -1.30830   1.87080   0.01030
  -1.30830  -1.72240  -0.01830
   0.18470   0.00000   0.00000
  -1.53500  -1.72240  -0.00930
   0.92410  -1.72240  -0.04290
   1.25090  -0.97410  -0.14020
  -0.99430  -1.26010  -0.14860
   1.54310   0.00000   0.00000
  -1.81040   1.85700   0.00210
   0.77910  -1.88060  -0.02890
   1.52810  -0.86640  -0.06320
  -1.53500   1.63920   0.01210
   2.06860  -0.97410  -0.00910
  -0.38470  -0.18690  -0.30160
   2.06860  -0.37360  -0.00890
  -0.99430   1.29210   0.13860
   1.52810   1.85700   0.00560
   0.77910   1.85700   0.03110
   0.18470   0.39300   0.57610
   1.52810  -0.97410  -0.05910
   1.52810  -0.37360  -0.06690
   1.52810   0.00000   0.00000
  -0.21810   0.00000   0.00000
  -0.64240   0.00000   0.00000
   0.36010  -1.88060  -0.05180
   0.36010  -1.26010  -0.36690
   1.54310   1.63920   0.01280
  -0.99430  -1.72240  -0.04110
   0.00000   0.00000   0.00000
   1.90400   0.39300   0.01760
   2.06860  -1.84380  -0.00090
  -1.97790   0.00000   0.00000
  -1.81040   1.63920   0.00480
   0.92410  -1.84380  -0.02960
  -0.38470   1.63920   0.11400
  -1.30830  -1.84380  -0.01240
   1.25090  -1.10450  -0.10600
   2.06860  -0.65990  -0.01170
   1.54310  -1.26010  -0.03920
   0.00000   0.20420   0.40590
  -1.67830  -1.72240  -0.00640
  -1.53500  -1.26010  -0.03760
   0.36010  -0.37360  -0.54070
  -1.81040   1.43680   0.00930
  -0.21810   1.43680   0.21730
  -1.97790  -0.37360  -0.01380
   0.92410  -1.10450  -0.23010
   0.57640   0.57070   0.53810
  -1.97790   1.87080   0.00110
  -0.21810   1.29210   0.34020
  -1.53500  -0.86640  -0.07030
  -1.97790   0.93750   0.01330
   0.00000   0.93750   0.72180
   2.06860  -1.26010  -0.00530
  -0.64240   0.20420   0.27540
  -0.87800   0.00000   0.00000
  -0.87800   1.29210   0.15970
   1.25090  -0.18690  -0.07530
  -0.64240   0.93750   0.41510
  -1.81040   1.87080   0.00210
   0.36010   1.87080   0.05120
  -0.87800  -1.26010  -0.16280
   1.52810   0.93750   0.07040
   2.06860  -1.10450  -0.00740
  -1.81040  -0.65990  -0.02980
   1.90400   1.85700   0.00170
   1.54310  -1.88060  -0.00560
  -0.64240  -0.65990  -0.56480
   0.00000  -0.65990  -0.73780
   0.18470   1.29210   0.33810
  -0.64240  -0.97410  -0.38260
   0.00000   1.43680   0.24360
  -0.87800   0.93750   0.28570
   1.90400   0.57070   0.01910
  -0.99430   1.43680   0.09600
   1.54310   1.87080   0.00540
  -1.53500   0.20420   0.03330
   1.25090   1.63920   0.02920
   0.92410  -1.88060  -0.02380
  -1.81040   0.20420   0.01480
  -1.53500   0.39300   0.05960
   0.18470   0.20420   0.33890
  -0.21810   0.93750   0.57650
   1.90400   1.63920   0.00380
   0.18470  -0.97410  -0.60240
   1.52810   1.63920   0.01230
   0.36010   0.75230   0.71860
  -0.21810  -1.88060  -0.05050
   0.77910   0.93750   0.36910
  -0.64240  -1.10450  -0.37510
  -1.30830  -0.97410  -0.11040
  -0.99430   0.39300   0.23470
   0.00000  -0.18690  -0.33710
   0.77910  -0.65990  -0.43790
  -1.67830   1.87080   0.00350
  -0.64240  -0.18690  -0.22550
   0.18470   1.43680   0.26450
   0.92410   1.63920   0.05990
   0.92410   0.39300   0.25780
  -1.67830  -0.65990  -0.04650
  -0.38470  -1.72240  -0.08180
  -1.53500   1.85700   0.00570
  -0.64240  -0.86640  -0.49740
  -1.67830  -0.18690  -0.02220
   1.90400   0.00000   0.00000
  -1.30830  -0.86640  -0.13590
   0.77910  -0.18690  -0.21490
  -0.87800  -0.65990  -0.35980
   0.77910   0.57070   0.38810
   1.90400  -0.18690  -0.00860
   0.36010   0.57070   0.74070
  -0.64240   1.29210   0.21620
   2.06860   0.20420   0.00580
  -0.64240  -1.84380  -0.03960
   0.36010   1.43680   0.24120
  -0.21810  -0.97410  -0.61860
   1.90400  -1.72240  -0.00260
   0.36010   1.29210   0.31320
   1.25090   1.43680   0.05380
  -1.30830   1.63920   0.02560
   0.18470  -0.86640  -0.72150
  -0.99430   0.20420   0.15100
   1.90400  -0.97410  -0.01840
  -1.81040  -0.86640  -0.02760
   1.25090  -0.37360  -0.12730
  -1.81040  -1.10450  -0.02140
   0.57640   1.43680   0.16240
   1.54310  -0.37360  -0.06240
   0.92410   0.20420   0.17700
   2.06860   1.29210   0.00530
   2.06860  -0.18690  -0.00530
  -0.99430  -0.86640  -0.25700
  -1.81040  -1.84380  -0.00250
   0.18470   0.75230   0.74160
   0.77910  -0.37360  -0.37230
  -1.53500   1.87080   0.00550
   1.52810   0.57070   0.07090
  -0.99430   0.75230   0.30650
   1.52810  -1.26010  -0.03490
   2.06860   1.85700   0.00090
   1.25090  -1.88060  -0.01230
  -1.30830   1.43680   0.04990
   0.18470   1.85700   0.06410
  -1.67830  -0.86640  -0.04180
  -1.97790  -1.84380  -0.00140
   0.36010  -0.86640  -0.62660
   0.00000   1.85700   0.05640
  -0.21810  -1.26010  -0.33840
  -1.97790   0.57070   0.01640
   0.00000   1.63920   0.14840
   1.54310  -0.65990  -0.06810
  -1.67830  -0.37360  -0.03590
  -0.21810   0.75230   0.75000
   2.06860  -1.88060  -0.00080
   1.90400  -0.86640  -0.02060
  -0.99430  -1.88060  -0.01990
   2.06860  -1.72240  -0.00150
   1.54310   0.20420   0.03530
  -1.81040   0.00000   0.00000
  -0.21810   0.39300   0.60460
  -0.87800  -1.72240  -0.04280
  -1.97790   1.43680   0.00530
   0.00000   1.29210   0.36150
  -1.30830  -1.26010  -0.07520
  -0.38470  -1.26010  -0.35440
  -0.87800   1.63920   0.06830
   0.36010  -1.72240  -0.08560
  -1.53500   1.43680   0.02430
  -1.30830   0.39300   0.12990
   1.25090  -1.84380  -0.01480
   0.00000   0.57070   0.81700
   0.92410  -0.86640  -0.33250
  -1.67830   0.20420   0.02300
  -0.21810  -1.84380  -0.06560
  -1.30830  -1.10450  -0.09490
  -1.53500  -0.97410  -0.06050
   0.57640   0.39300   0.44400
  -1.97790  -1.26010  -0.00720
  -0.64240   0.39300   0.44830
   0.57640  -1.84380  -0.04350
  -0.21810   0.20420   0.39330
   1.25090   0.75230   0.14680
  -0.21810  -1.72240  -0.10500
  -0.64240   1.87080   0.03820
  -0.87800  -0.18690  -0.16930
   2.06860  -0.86640  -0.00980
   0.77910  -1.10450  -0.29210
   0.77910   0.75230   0.41330
   1.90400   0.75230   0.02190
  -0.64240  -0.37360  -0.41080
   0.18470  -1.72240  -0.08980
  -0.87800   1.87080   0.02670
  -0.21810   0.57070   0.77920
   1.52810  -1.72240  -0.00900
  -0.87800  -0.97410  -0.29740
  -1.53500   0.57070   0.06720
  -1.30830   0.20420   0.06350
   1.52810   0.39300   0.05940
   1.54310  -1.10450  -0.04760
   0.00000  -1.88060  -0.05650
   1.25090  -0.65990  -0.16970
   0.92410  -1.26010  -0.15860
  -1.97790  -1.88060  -0.00120
   1.90400   0.20420   0.01030
   0.57640  -0.86640  -0.50090
  -1.30830  -0.18690  -0.06140
   1.25090   0.39300   0.13460
  -1.67830  -0.97410  -0.03600
  -1.97790   1.85700   0.00130
   0.00000   1.87080   0.05430
   2.06860   0.93750   0.00860
   1.90400   1.87080   0.00140
   0.57640   1.63920   0.10010
   2.06860   1.43680   0.00380
  -1.53500  -0.65990  -0.06820
   0.57640  -1.26010  -0.26880
  -0.87800  -1.88060  -0.02800
  -1.53500   0.00000   0.00000
   2.06860   0.39300   0.00860
  -0.87800  -0.37360  -0.29730
  -1.97790   1.29210   0.00680
  -0.64240   1.43680   0.15270
   2.06860   0.57070   0.01000
  -1.53500  -1.88060  -0.00510
   0.18470  -0.18690  -0.37820
   0.18470  -1.84380  -0.05780
   1.52810   0.20420   0.03720
  -1.30830   0.00000   0.00000
   0.00000  -0.97410  -0.63320
  -0.21810   1.87080   0.05710
   1.25090   0.00000   0.00000
   0.36010  -1.84380  -0.05110
   0.77910   1.29210   0.21400
   0.36010   0.00000   0.00000
   1.25090   1.85700   0.01150
   1.25090   0.93750   0.12900
  -1.67830   0.75230   0.05100
  -1.67830  -1.10450  -0.02950
   2.06860   1.87080   0.00070
   0.77910  -1.84380  -0.03340
  -1.81040  -1.88060  -0.00220
   0.36010  -0.97410  -0.56840
   0.57640   0.20420   0.25820
   0.57640  -0.18690  -0.26920
  -0.64240   1.85700   0.03880
   0.18470  -1.88060  -0.05690
   1.52810   0.75230   0.07040
  -0.64240  -1.72240  -0.07310
  -0.99430  -0.65990  -0.31810
  -1.30830   0.93750   0.11820
   0.57640   0.00000   0.00000
   0.36010   1.63920   0.12540
   0.57640  -0.97410  -0.48230
  -1.30830   1.29210   0.06740
  -1.97790  -0.97410  -0.01410
  -1.53500   0.75230   0.07790
  -0.38470  -1.10450  -0.42560
   1.54310   0.93750   0.05570
   1.54310  -0.86640  -0.06460
   0.57640  -1.10450  -0.37250
   1.25090  -1.72240  -0.02300
  -1.97790  -0.65990  -0.01730
  -0.87800  -1.84380  -0.02830
   1.25090   0.20420   0.08540
   1.90400  -1.84380  -0.00180
   1.90400   0.93750   0.01860
   0.36010   0.93750   0.61200
   0.18470  -0.65990  -0.82130
  -0.38470   0.93750   0.54240
   1.54310   0.39300   0.05970
   0.36010   1.85700   0.05220
   1.25090   1.29210   0.08230
  -0.64240   0.57070   0.54520
   0.92410   1.85700   0.02630
   1.54310   0.57070   0.07260
   0.00000   0.75230   0.80030
  -0.64240  -1.26010  -0.23890
   0.00000  -1.26010  -0.40830
   0.57640   0.93750   0.45150
  -0.38470  -1.84380  -0.05420
   0.36010  -0.65990  -0.74560
   1.90400  -0.65990  -0.02310
  -1.97790  -1.10450  -0.01060
   1.54310   0.75230   0.07070
   0.36010   0.20420   0.31680
   0.92410   1.43680   0.11670
  -1.53500   0.93750   0.06610
   2.06860   0.75230   0.00990
  -1.97790   0.20420   0.00760
  -1.67830   0.93750   0.03770
   0.00000  -1.10450  -0.54790
  -1.81040   0.93750   0.02450
  -0.99430  -0.18690  -0.12410
  -1.30830   0.75230   0.14190
  -1.67830  -1.88060  -0.00320
   1.90400  -0.37360  -0.01780
   1.25090  -1.26010  -0.08440
  -0.21810  -0.86640  -0.70910
  -1.30830   0.57070   0.14940
   2.06860   0.00000   0.00000
  -1.67830   0.39300   0.04160
  -1.81040   0.57070   0.03110
  -0.64240   0.75230   0.49910
  -1.67830  -1.26010  -0.02150
  -0.99430   0.93750   0.26940
   0.77910   1.63920   0.07890
   1.90400  -1.10450  -0.01520
   1.52810  -1.10450  -0.04670
  -1.81040  -0.37360  -0.02560
  -0.21810  -1.10450  -0.51470
   1.25090   1.87080   0.01140
  -1.81040   0.75230   0.02870
  -0.99430   0.00000   0.00000
  -0.87800  -0.86640  -0.35800
   1.54310   1.29210   0.03460
  -1.30830  -1.88060  -0.01030
  -0.38470   1.87080   0.04540
   0.77910   1.43680   0.14900
  -1.97790  -0.86640  -0.01510
   0.57640  -0.37360  -0.41300
  -1.67830   1.85700   0.00400
  -1.97790  -0.18690  -0.00680
   0.77910  -0.86640  -0.42630
  -1.30830  -0.37360  -0.11180
  -0.99430   1.63920   0.04670
   0.00000   0.39300   0.68310
   1.52810   1.29210   0.03500
   0.92410   0.57070   0.36110
   0.18470   0.93750   0.63950
   0.77910  -1.72240  -0.05780
   0.00000  -1.72240  -0.09740
   1.90400  -1.26010  -0.01030
  -0.21810   1.85700   0.06380
  -0.38470  -1.88060  -0.05200
  -0.38470   0.57070   0.69440
  -1.81040   0.39300   0.02440
   0.57640   1.29210   0.23730
  -0.87800   1.85700   0.02650
  -1.53500  -1.10450  -0.05020
  -0.38470  -0.65990  -0.68000
  -0.87800   0.75230   0.33080
   0.77910   0.20420   0.21110
   0.77910  -1.26010  -0.19910
  -1.81040  -1.26010  -0.01510

